      0/49     1.79G   0.06544  0.009829  0.007879   0.08314        22       640    0.1223    0.1482   0.05566   0.01267   0.08378  0.007162   0.00302
      1/49     13.2G   0.05757  0.007364  0.002184   0.06711        18       640   0.05779   0.06146   0.01947  0.006546   0.08853  0.006831   0.00209
      2/49     16.5G     0.059  0.006929  0.001671   0.06759        16       640    0.1562    0.1132   0.05583   0.01715   0.09371  0.006752  0.001768
      3/49     16.5G   0.05775  0.006783  0.001068    0.0656        22       640   0.06259   0.05568   0.01204  0.002946    0.1101   0.00592   0.04034
      4/49     16.5G   0.06186  0.006377  0.001008   0.06924        25       640   0.03055   0.04555  0.006813  0.001269   0.09297  0.006284  0.001468
      5/49     16.5G   0.06238  0.006457 0.0007998   0.06963        21       640   0.02388   0.02603   0.01087  0.004547   0.08958  0.006623 0.0009568
      6/49     16.5G   0.06086  0.006738 0.0004574   0.06806        21       640   0.03192   0.09183   0.01167  0.002668   0.09048  0.007742  0.006088
      7/49     16.5G   0.05735  0.006897 0.0003027   0.06454        18       640   0.05024    0.1056   0.01803  0.004094   0.08922  0.007801   0.02216
      8/49     16.5G   0.05433  0.006972  0.000231   0.06153        21       640    0.1575    0.1558   0.07248    0.0245   0.07721  0.007907 0.0007548
      9/49     16.5G   0.05251   0.00721 0.0002364   0.05996        20       640    0.2556    0.2148    0.1487   0.05105   0.07718  0.007839 0.0002001
     10/49     16.5G   0.05216  0.007041 0.0001541   0.05936        20       640    0.2408    0.2296    0.1467   0.05255   0.08605  0.007225 0.0002191
     11/49     16.5G   0.05352  0.006798  0.000177   0.06049        17       640    0.2906    0.2437    0.1764   0.06294   0.09046   0.00676 0.0001994
     12/49     16.5G    0.0519  0.007038 0.0001883   0.05913        22       640    0.3414    0.2245    0.1787   0.06706    0.0777   0.00771   0.00023
     13/49     16.5G   0.05105  0.007211 0.0001797   0.05844        27       640    0.2576    0.2748    0.1774   0.07019   0.07402  0.008008 0.0001917
     14/49     16.5G   0.05088  0.007177  0.000126   0.05818        27       640    0.3218    0.3079    0.2308   0.09391   0.08106  0.007324 0.0001645
     15/49     16.5G   0.04685  0.007101  0.000121   0.05408        24       640    0.2944    0.2986    0.1973    0.0735   0.08461  0.007047 0.0001145
     16/49     16.5G   0.04565  0.006909 7.157e-05   0.05263        12       640    0.3161    0.3255    0.2199   0.08964   0.08577  0.007046 0.0001807
     17/49     16.5G   0.04603  0.007021 9.212e-05   0.05315        31       640    0.1588    0.1609   0.09231   0.03251   0.09086  0.007542  0.008991
     18/49     16.5G   0.04842  0.007182 0.0001135   0.05572        18       640    0.3417    0.3374    0.2564     0.112   0.08088  0.007109 0.0003852
     19/49     16.5G   0.04709  0.007132 0.0001241   0.05435        14       640     0.367    0.3518    0.2826    0.1167   0.07656  0.007311 0.0001126
     20/49     16.5G   0.04719  0.007026 7.995e-05   0.05429        24       640    0.3777    0.3503    0.3094     0.134   0.07485    0.0073 8.858e-05
     21/49     16.5G   0.04536  0.006963 7.276e-05    0.0524        23       640    0.3592    0.2802    0.2207   0.09146   0.08198  0.007927  0.006743
     22/49     16.5G   0.04668   0.00711 8.067e-05   0.05387        37       640     0.399    0.3944    0.3298    0.1498    0.0748  0.007211 9.055e-05
     23/49     16.5G   0.04527  0.007081  5.13e-05    0.0524        21       640    0.4987    0.3756    0.3823    0.1732   0.07393  0.007097 5.993e-05
     24/49     16.5G   0.04467   0.00699 3.794e-05    0.0517        27       640    0.4121    0.3944    0.3655     0.174   0.07399  0.007128 8.703e-05
     25/49     16.5G    0.0447  0.007151 6.119e-05   0.05191        17       640   0.07366    0.4161    0.0472   0.01487   0.08113    0.1638   0.08212
     26/49     16.5G   0.04436  0.007109 0.0001144   0.05158        19       640    0.4847     0.445    0.4314     0.206   0.07222  0.007048 0.0001649
     27/49     16.5G    0.0444  0.007125 9.229e-05   0.05162        19       640    0.2011    0.4088    0.1326   0.04787   0.07358   0.01619  0.007646
     28/49     16.5G   0.04438   0.00705 7.682e-05   0.05151        25       640    0.4805    0.4658    0.4345    0.2144   0.06781  0.007364 6.429e-05
     29/49     16.5G    0.0447  0.007054 7.606e-05   0.05183        14       640    0.4941    0.4876    0.4622    0.2327   0.06628  0.007263 8.984e-05
     30/49     16.5G   0.04342  0.007046 8.148e-05   0.05055        14       640    0.5319    0.4714    0.4849    0.2475    0.0683  0.007003 0.0001286
     31/49     16.5G   0.04239  0.006999  6.43e-05   0.04945        26       640    0.4929    0.5163    0.4734    0.2369    0.0666  0.007116  0.000578
     32/49     16.5G    0.0412  0.007102 5.681e-05   0.04836        21       640    0.5294    0.5047    0.4876    0.2413   0.06681  0.007313 8.397e-05
     33/49     16.5G   0.04132  0.007113  4.97e-05   0.04848        23       640    0.5801    0.4834    0.5039    0.2623   0.06675  0.007093 8.341e-05
     34/49     16.5G   0.04258  0.007031 5.235e-05   0.04966        18       640    0.5545    0.5228    0.5201    0.2704   0.06554  0.007137 8.008e-05
     35/49     16.5G   0.04002  0.006883  4.91e-05   0.04695        27       640    0.5964    0.5145    0.5434     0.286   0.06462  0.007079 8.027e-05
     36/49     16.5G   0.04026  0.006949 4.729e-05   0.04726        19       640    0.6184    0.4993    0.5437    0.2887   0.06427  0.007111 7.502e-05
     37/49     16.5G   0.04015  0.006984 4.832e-05   0.04719        17       640    0.6786    0.5004    0.5639    0.2994   0.06443   0.00702 7.222e-05
     38/49     16.5G   0.04115  0.007033 4.593e-05   0.04823        19       640    0.6865    0.5004    0.5807    0.3114   0.06359  0.007045 6.731e-05
     39/49     16.5G   0.03946  0.006745 3.862e-05   0.04625        20       640    0.6424    0.5369    0.5847    0.3198   0.06317  0.006965 6.431e-05
     40/49     16.5G   0.04062  0.007112 3.966e-05   0.04777        25       640    0.6355     0.555    0.5963    0.3245   0.06338  0.006898 7.021e-05
     41/49     16.5G   0.03942  0.007023 4.964e-05   0.04649        19       640    0.6766    0.5398    0.6143    0.3328   0.06312  0.006854 7.089e-05
     42/49     16.5G   0.03925  0.006849 6.449e-05   0.04616        20       640    0.6802    0.5546     0.623     0.345   0.06266  0.006873 7.082e-05
     43/49     16.5G   0.03912  0.007055 5.177e-05   0.04623        24       640     0.661    0.5484    0.6151    0.3312   0.06377   0.00678  6.81e-05
     44/49     16.5G   0.03858  0.006888 4.274e-05   0.04551        22       640    0.6791    0.5701    0.6339    0.3553   0.06212  0.006757 6.409e-05
     45/49     16.5G   0.04035  0.006961 4.575e-05   0.04736        23       640    0.6435    0.5864    0.6315    0.3555   0.06287  0.006696  6.18e-05
     46/49     16.5G   0.03951  0.006839 4.196e-05   0.04639        26       640     0.676     0.577    0.6345    0.3565   0.06247  0.006737 5.735e-05
     47/49     16.5G   0.03751   0.00675 3.651e-05    0.0443        16       640    0.7046    0.5593    0.6401    0.3619   0.06176  0.006672 5.996e-05
     48/49     16.5G   0.03942  0.006763 3.945e-05   0.04622        15       640    0.6681    0.5888    0.6416    0.3684   0.06129  0.006738 5.811e-05
     49/49     16.5G   0.03877   0.00673 3.525e-05   0.04554        14       640     0.669    0.5962     0.647    0.3688   0.06093   0.00674 5.405e-05
