      0/49     1.77G   0.05899   0.01018   0.01307   0.08224        23       640    0.2948     0.249    0.1909    0.0932   0.08485  0.006531    0.0137
      1/49     13.7G   0.05301   0.00829   0.01068   0.07198        17       640    0.1481     0.177   0.07989   0.02608    0.0882  0.006482   0.01458
      2/49     16.9G   0.05373  0.008155   0.01083   0.07271        23       640   0.04161    0.1088  0.009407  0.002056   0.09174  0.007214   0.01796
      3/49     16.9G   0.05532  0.008541   0.01177   0.07563        29       640   0.02027   0.04072  0.008083  0.003205   0.08584   0.08343   0.06418
      4/49     16.9G   0.05213  0.008412   0.01064   0.07118        23       640    0.2065    0.2185    0.1442   0.06243   0.07794  0.007238   0.01419
      5/49     16.9G   0.05193  0.008536   0.01012   0.07058        24       640   0.05112   0.07645   0.01375  0.003512    0.1035    0.2156     7.834
      6/49     16.9G   0.04911  0.008611    0.0101   0.06782        19       640    0.2644    0.2309    0.1738   0.07165   0.08062  0.007992   0.03114
      7/49     16.9G   0.04845  0.008634  0.009484   0.06657        12       640     0.287    0.2567    0.2131   0.08496   0.07486   0.00739   0.01636
      8/49     16.9G   0.04638  0.008528  0.008886   0.06379        14       640    0.4197    0.3291    0.3094    0.1437   0.07243  0.007254   0.01291
      9/49     16.9G   0.04612  0.008521   0.00874   0.06338        20       640    0.3919    0.3332    0.3083    0.1455   0.07282  0.007231   0.01561
     10/49     16.9G   0.04364  0.008422  0.008522   0.06058        19       640    0.3373    0.3082    0.2696    0.1341   0.07245   0.00741   0.02113
     11/49     16.9G   0.04466  0.008402  0.008521   0.06158        11       640    0.5605    0.3033    0.3521    0.1869   0.06821  0.007399   0.01387
     12/49     16.9G   0.04441  0.008243  0.008366   0.06102        13       640    0.3509    0.2857    0.1984   0.08468   0.06855  0.007836   0.01666
     13/49     16.9G   0.04281   0.00837  0.007944   0.05912        18       640    0.1105    0.3224   0.06995   0.02994   0.07115  0.009748   0.06576
     14/49     16.9G   0.04318  0.008352   0.00791   0.05944        16       640    0.4982    0.3745    0.3894    0.1982   0.06489  0.007312   0.01153
     15/49     16.9G   0.04312  0.008268   0.00754   0.05893        18       640    0.2494    0.3906    0.1564   0.07174   0.06956    0.0471   0.02272
     16/49     16.9G    0.0419   0.00829  0.007744   0.05794        16       640    0.5132    0.3703    0.3927    0.2022   0.06692  0.007363   0.01293
     17/49     16.9G   0.04194   0.00822  0.007544    0.0577        25       640    0.6375    0.3923    0.4611    0.2479    0.0642  0.007189   0.01222
     18/49     16.9G   0.04248   0.00815   0.00757    0.0582        20       640    0.4981    0.3981    0.3907    0.2069   0.06913  0.007596   0.03361
     19/49     16.9G    0.0405  0.008074   0.00701   0.05558        19       640    0.4992    0.3967    0.3962    0.1967   0.06718  0.007306   0.01917
     20/49     16.9G   0.04053  0.008091  0.006973   0.05559        16       640    0.5954    0.4222      0.47    0.2585   0.06546  0.007141   0.01387
     21/49     16.9G   0.03988  0.008117  0.007059   0.05506        16       640    0.6443    0.4422    0.5028     0.282   0.06246  0.006964   0.01131
     22/49     16.9G    0.0398  0.008029  0.006458   0.05428        17       640     0.605    0.4062    0.4464    0.2324   0.06523  0.007166   0.01662
     23/49     16.9G   0.03984  0.008015  0.006509   0.05437        20       640    0.5642    0.4313    0.3964    0.2153   0.06231   0.00695   0.01179
     24/49     16.9G   0.03814  0.007991  0.006462    0.0526        17       640    0.7235    0.4314    0.5356    0.2964   0.06343  0.006638   0.01079
     25/49     16.9G   0.03853  0.007965  0.006528   0.05302        24       640    0.4637    0.4754    0.3748     0.206   0.06364  0.007093   0.01233
     26/49     16.9G   0.03807  0.007784  0.006381   0.05224        15       640    0.1158    0.5486   0.08794   0.04029   0.06426  0.009415   0.01768
     27/49     16.9G   0.03693   0.00789  0.006162   0.05098        13       640    0.4868    0.4713    0.3909    0.2079   0.06516  0.006879   0.01187
     28/49     16.9G   0.03708  0.007874  0.006447    0.0514        20       640    0.7187    0.4538    0.5411    0.3078   0.06366   0.00667   0.01145
     29/49     16.9G   0.03668  0.007745  0.006131   0.05055        11       640    0.4649    0.4911    0.3625    0.2157   0.06506  0.007322   0.01559
     30/49     16.9G    0.0363   0.00789  0.005973   0.05017        27       640    0.6064    0.4511    0.4488    0.2432    0.0623  0.006953   0.01334
     31/49     16.9G   0.03754  0.007796   0.00656   0.05189        22       640    0.7366    0.4912    0.5779    0.3316   0.06303  0.006684   0.01179
     32/49     16.9G    0.0361  0.007761  0.005917   0.04978        18       640     0.742    0.5145    0.6088    0.3518   0.06146  0.006439   0.00998
     33/49     16.9G   0.03682  0.007717  0.006016   0.05056        19       640    0.7228    0.4854    0.5557    0.3229   0.06095  0.006732   0.01297
     34/49     16.9G   0.03669  0.007709  0.005841   0.05024        27       640    0.4485    0.5206    0.3863    0.2153   0.06098  0.006785   0.01134
     35/49     16.9G   0.03477  0.007663  0.005541   0.04797        19       640    0.7391    0.5162    0.6165    0.3694   0.05943  0.006458  0.009799
     36/49     16.9G   0.03676  0.007698  0.005682   0.05014        12       640     0.677    0.5619    0.6235    0.3715   0.05975  0.006412  0.009297
     37/49     16.9G    0.0343  0.007582  0.005334   0.04721        25       640    0.3504     0.522    0.3068    0.1597   0.05996  0.009142   0.01254
     38/49     16.9G   0.03488  0.007657  0.005496   0.04803        21       640    0.4325    0.5578    0.4149     0.233   0.05901  0.006556  0.009732
     39/49     16.9G   0.03416  0.007601  0.004995   0.04675        14       640    0.7213    0.5605    0.6417    0.3883   0.05805  0.006384  0.009209
     40/49     16.9G   0.03389  0.007499  0.005453   0.04685        16       640    0.7673    0.5586    0.6506    0.3867   0.05672  0.006405  0.008557
     41/49     16.9G   0.03467  0.007672  0.005577   0.04791        23       640    0.7126    0.5875     0.657    0.3961   0.05749  0.006345   0.00898
     42/49     16.9G   0.03426  0.007698   0.00519   0.04715        18       640    0.7538    0.5511    0.6456    0.3936   0.05746  0.006409  0.009211
     43/49     16.9G   0.03298  0.007576  0.005303   0.04586        15       640    0.4638    0.5591    0.4155    0.2412   0.05787  0.006878  0.009002
     44/49     16.9G   0.03479  0.007507  0.005497    0.0478        20       640    0.5783    0.5692    0.5091    0.2996   0.05629  0.006565  0.008101
     45/49     16.9G   0.03339  0.007506  0.005002    0.0459        17       640    0.6977    0.6034    0.6442    0.3802   0.05729  0.006293  0.007988
     46/49     16.9G   0.03347  0.007542   0.00512   0.04613        17       640    0.7223    0.5843    0.6601    0.3935   0.05722  0.006309  0.008296
     47/49     16.9G   0.03302  0.007567  0.004964   0.04555        22       640    0.5159    0.6033    0.4761    0.2767   0.05719  0.006649  0.008107
     48/49     16.9G   0.03257  0.007439  0.004729   0.04474        12       640    0.4098    0.5776    0.3647    0.2091   0.05748   0.01108  0.008148
     49/49     16.9G   0.03307  0.007359  0.004636   0.04506        18       640    0.6338    0.5685    0.5498    0.3241   0.05741  0.006353  0.007972
