      0/49     1.89G   0.05928   0.01212  0.007274   0.07867        28       640    0.1768    0.2707    0.1133   0.03174   0.09511  0.009427  0.003181
      1/49     13.7G   0.05652  0.009989  0.002244   0.06875        23       640   0.01723    0.4093   0.01114  0.002368    0.1019   0.03307  0.002016
      2/49       26G   0.05572  0.009726  0.001379   0.06682        21       640    0.4147    0.3154    0.2785    0.1206   0.09433  0.008934  0.001207
      3/49       26G   0.05302  0.009604 0.0009152   0.06354        25       640     0.522     0.394    0.4019    0.1877   0.09255   0.00918 0.0008887
      4/49       26G   0.05423  0.009515 0.0007254   0.06447        21       640    0.5077    0.4168    0.3997    0.1965   0.09016  0.009272  0.000551
      5/49       26G   0.05076  0.009677 0.0003248   0.06076        17       640    0.5301    0.3614    0.3624    0.1618   0.09767  0.009343 0.0005027
      6/49       26G   0.04871  0.009404 0.0002575   0.05838        25       640    0.1765    0.1023   0.06143   0.02916    0.1098  0.008907 0.0008238
      7/49       26G   0.04752  0.009212  0.000144   0.05687        21       640    0.6354    0.4873      0.53    0.2654    0.0899  0.009228 0.0004471
      8/49       26G     0.045  0.008991 0.0001292   0.05412        23       640    0.6297    0.4821    0.5247    0.2679   0.08402  0.009115 0.0003948
      9/49       26G   0.04387  0.009183 8.922e-05   0.05314        25       640    0.7444    0.5147    0.6001    0.3515   0.08474  0.008767 0.0002834
     10/49       26G    0.0465  0.008975 6.923e-05   0.05555        19       640     0.772    0.5306    0.6256    0.3782   0.08578  0.008434  0.000246
     11/49       26G   0.04147  0.008623  5.96e-05   0.05015        14       640    0.7997    0.5381    0.6367    0.4018   0.08499  0.008541 0.0002156
     12/49       26G   0.04239  0.008827 6.041e-05   0.05128        15       640    0.7183    0.5731    0.6247    0.3713   0.08236  0.008723 0.0005865
     13/49       26G   0.04129  0.008552  5.31e-05    0.0499        30       640    0.7853    0.5757    0.6646    0.4149   0.08395  0.008376 0.0001816
     14/49       26G   0.03994  0.008599 4.628e-05   0.04859        26       640    0.7766    0.6063     0.685    0.4354   0.07912  0.008572 0.0002179
     15/49       26G   0.04081  0.008591  5.83e-05   0.04946        26       640    0.7676    0.6031    0.6781    0.4236   0.07886  0.008647 0.0002133
     16/49       26G   0.04199  0.008561 4.871e-05    0.0506        25       640     0.832    0.6109    0.7116    0.4535   0.07782  0.008514 0.0002148
     17/49       26G    0.0405  0.008324 4.427e-05   0.04887        22       640    0.7947     0.616    0.6994     0.456   0.07786  0.008495 0.0001969
     18/49       26G   0.03859  0.008501 4.308e-05   0.04714        24       640    0.8358    0.6277    0.7219     0.477    0.0751  0.008514 0.0001871
     19/49       26G   0.03845  0.008337 4.589e-05   0.04684        21       640    0.8361    0.6326     0.725    0.4726   0.07289  0.008586  0.000208
     20/49       26G   0.04189   0.00841 8.028e-05   0.05038        32       640      0.83    0.6375    0.7283    0.4828   0.07589  0.008258 0.0001858
     21/49       26G   0.03795  0.008336 0.0001187    0.0464        18       640    0.7925    0.6635     0.737    0.4867   0.07503  0.008303 0.0002721
     22/49       26G   0.03854  0.008363 0.0001095   0.04701        16       640    0.8303    0.6516    0.7447    0.4964   0.07461  0.008269 0.0002476
     23/49       26G   0.04038  0.008303 0.0001162    0.0488        27       640    0.8492    0.6473    0.7523    0.5078   0.07864  0.007893 0.0002089
     24/49       26G   0.03969  0.008181 0.0001171   0.04799        24       640    0.8353     0.659    0.7547     0.505   0.07099  0.008297 0.0003311
     25/49       26G   0.04029  0.008213  0.000124   0.04863        23       640    0.8303    0.6597    0.7478     0.501   0.07626  0.008181 0.0001915
     26/49       26G   0.03925  0.008049 9.893e-05    0.0474        26       640    0.8819    0.6516    0.7645    0.5264   0.07199  0.008166 0.0001672
     27/49       26G   0.03823  0.008163 6.091e-05   0.04645        18       640    0.8507    0.6863    0.7773    0.5344   0.06914  0.008223 0.0001543
     28/49       26G   0.03835  0.008095 5.697e-05    0.0465        21       640     0.876    0.6684    0.7755    0.5301   0.07018  0.008103 0.0001472
     29/49       26G   0.03871   0.00801 5.289e-05   0.04677        20       640    0.8684    0.6901     0.787    0.5414   0.07265  0.007789 0.0001314
     30/49       26G    0.0373  0.007818 4.626e-05   0.04516        19       640    0.8246    0.7278    0.7977    0.5572   0.07212  0.007787 0.0001201
     31/49       26G   0.03729  0.007888 6.541e-05   0.04525        20       640    0.8786    0.6973    0.7979    0.5566   0.07054  0.007973 0.0001716
     32/49       26G   0.03856   0.00812 6.336e-05   0.04674        33       640    0.8688     0.702    0.7941    0.5546   0.06973  0.007979 0.0001473
     33/49       26G   0.03658  0.007771 6.813e-05   0.04442        22       640    0.8998    0.7033    0.8053    0.5627   0.07427  0.007563 0.0001273
     34/49       26G   0.03529  0.007767   5.6e-05   0.04311        18       640    0.8723    0.7183    0.8077    0.5626   0.07229    0.0077 0.0001403
     35/49       26G   0.03578  0.007813  6.47e-05   0.04366        20       640    0.8932    0.7158    0.8161    0.5702   0.07105  0.007678 0.0001298
     36/49       26G   0.03696  0.007832 5.524e-05   0.04485        18       640    0.9008    0.7158    0.8162    0.5748   0.07145  0.007612 0.0001114
     37/49       26G   0.03592  0.007661 5.339e-05   0.04363        20       640    0.9019    0.7389    0.8285    0.5881   0.07031  0.007602 0.0001224
     38/49       26G   0.03596  0.007724 5.178e-05   0.04374        19       640    0.9015    0.7322    0.8275    0.5806   0.07108   0.00757 0.0001137
     39/49       26G   0.03571  0.007764 4.381e-05   0.04352        19       640    0.8908    0.7435     0.833    0.5882   0.06952  0.007551 0.0001222
     40/49       26G   0.03507  0.007426 4.802e-05   0.04254        19       640    0.8851    0.7522    0.8328    0.5939   0.06983  0.007597 0.0001034
     41/49       26G   0.03545  0.007582 4.432e-05   0.04308        17       640    0.8937    0.7412    0.8327    0.5953   0.07022  0.007561 9.542e-05
     42/49       26G   0.03543  0.007526 3.842e-05     0.043        16       640    0.8998     0.739    0.8376    0.6038   0.07015   0.00741  0.000118
     43/49       26G   0.03647  0.007635 5.585e-05   0.04416        18       640    0.9142    0.7422    0.8398    0.6097   0.06989  0.007434 0.0001049
     44/49       26G   0.03393  0.007512 4.039e-05   0.04148        16       640    0.9198    0.7415    0.8463    0.6108   0.06915  0.007483 0.0001016
     45/49       26G    0.0338  0.007535 3.182e-05   0.04136        21       640    0.8997    0.7545    0.8476    0.6215   0.06854  0.007409 9.282e-05
     46/49       26G   0.03492  0.007525 4.233e-05   0.04249        20       640     0.901    0.7677    0.8502    0.6203   0.06826  0.007395 9.855e-05
     47/49       26G   0.03537  0.007486 3.838e-05    0.0429        15       640    0.8884    0.7726      0.85    0.6189   0.06907  0.007328 8.963e-05
     48/49       26G   0.03468  0.007408   4.1e-05   0.04213        17       640    0.9206    0.7501    0.8536    0.6234   0.06944  0.007313 9.453e-05
     49/49       26G    0.0345  0.007403 4.452e-05   0.04195        23       640    0.9037    0.7608    0.8508     0.621   0.06866  0.007291 9.204e-05
